[gd_scene load_steps=2 format=3 uid="uid://dy1u4077bi470"]

[ext_resource type="PackedScene" uid="uid://1vicw1plvl1k" path="res://addons/Spider.glb" id="1_x8hhi"]

[node name="Root Scene" instance=ExtResource("1_x8hhi")]

[node name="Skeleton3D" parent="RootNode/SpiderArmature" index="0"]
bones/1/position = Vector3(2.063291e-05, 0.015285526, -0.0010825843)
bones/2/rotation = Quaternion(0.4352029, 0.14305696, -0.54462004, 0.7025114)
bones/3/rotation = Quaternion(0.5041189, -0.032346517, 0.12599416, 0.8537818)
bones/4/rotation = Quaternion(0.04874155, 0.15611658, 0.10126029, 0.98132473)
bones/5/rotation = Quaternion(0.16869487, 0.38233325, -0.52370363, 0.74235964)
bones/6/rotation = Quaternion(0.72709787, 0.02602281, 0.07103855, 0.6823526)
bones/7/rotation = Quaternion(0.062220052, 0.23219243, 0.1641179, 0.956703)
bones/8/rotation = Quaternion(-0.16437668, 0.4016145, -0.5454659, 0.7170447)
bones/9/rotation = Quaternion(0.3846643, 0.8797283, -0.10699101, 0.25819483)
bones/10/rotation = Quaternion(-0.105431, 0.47039568, 0.31605035, 0.81714404)
bones/11/rotation = Quaternion(-0.2345246, 0.2127093, -0.4203593, 0.85032415)
bones/12/rotation = Quaternion(0.5775084, 0.6852293, -0.20233905, 0.39497307)
bones/13/rotation = Quaternion(0.16045122, 0.41742942, 0.29168338, 0.8455347)
bones/14/rotation = Quaternion(0.4914031, -0.13891532, 0.18329632, 0.8400166)
bones/15/rotation = Quaternion(0.40341687, -0.35095677, -0.08291192, 0.84095776)
bones/16/rotation = Quaternion(0.18084055, 0.03696181, -0.1651085, 0.96884966)
bones/17/rotation = Quaternion(0.16564591, 0.105724506, 0.29927427, 0.9337123)
bones/18/rotation = Quaternion(-0.6596487, 0.698236, 0.03131813, -0.2763137)
bones/19/rotation = Quaternion(0.098184295, 0.07451324, -0.2562807, 0.95871156)
bones/20/rotation = Quaternion(-0.5105869, 0.6007441, 0.02463788, 0.6146548)
bones/21/rotation = Quaternion(-0.43095237, -0.7450751, 0.09996329, 0.4991497)
bones/22/rotation = Quaternion(-0.20706551, 0.673501, 0.053344585, 0.7075837)
bones/23/rotation = Quaternion(-0.3012086, 0.44743645, 0.25666678, 0.80199516)
bones/24/rotation = Quaternion(-0.5486273, -0.09911986, 0.20127475, 0.8054017)
bones/25/rotation = Quaternion(-0.3117206, 0.57833743, -0.09360088, 0.74806076)
bones/26/rotation = Quaternion(-0.7049075, 0.003205482, 0.0028790554, 0.7092862)
bones/28/rotation = Quaternion(0.23727047, -0.00028591044, 0.00038788051, 0.9714436)
bones/30/position = Vector3(0.016903153, 0.00024694024, 0.026352512)
bones/30/rotation = Quaternion(0.071347035, 0.6814711, 0.7243881, -0.0759515)
bones/31/position = Vector3(0.026156817, 0.00024694024, 0.017715922)
bones/32/position = Vector3(0.020356024, 0.00019918724, -0.022013916)
bones/33/position = Vector3(0.028381824, 0.00017551615, -0.010883967)
bones/35/position = Vector3(-0.016865639, 0.00024694085, 0.026352499)
bones/35/rotation = Quaternion(-0.071460806, 0.68148273, 0.7243771, 0.07584555)
bones/36/position = Vector3(-0.026119294, 0.00024694085, 0.0177159)
bones/38/position = Vector3(-0.028344274, 0.0001755166, -0.010883995)

[node name="FrontLeg3_L" parent="RootNode/SpiderArmature/Skeleton3D" index="0"]
transform = Transform3D(0.7614224, -0.08471913, -0.64269596, 0.19712934, -0.9142123, 0.35405526, -0.6175559, -0.39627996, -0.6794012, 0.017712539, -0.017618466, 0.004032852)

[node name="MidFrontLeg3_L" parent="RootNode/SpiderArmature/Skeleton3D" index="1"]
transform = Transform3D(0.78579295, 0.0741763, -0.614026, 0.35884574, -0.8632756, 0.35494244, -0.503745, -0.49925178, -0.7049742, 0.025489956, -0.009954968, 0.0047352584)

[node name="BackLeg3_L" parent="RootNode/SpiderArmature/Skeleton3D" index="2"]
transform = Transform3D(0.88232195, 0.3858577, -0.26948836, 0.15363672, 0.3050922, 0.93984866, 0.44486654, -0.87065095, 0.20990734, 0.01699161, 0.019353759, 0.007790632)

[node name="MidBackLeg3_L" parent="RootNode/SpiderArmature/Skeleton3D" index="3"]
transform = Transform3D(0.8268688, 0.38015747, -0.41445076, 0.50339293, -0.1716962, 0.8468268, 0.25076663, -0.9088462, -0.3333384, 0.024900839, 0.012456152, 0.008497512)

[node name="FrontLeg3_R" parent="RootNode/SpiderArmature/Skeleton3D" index="4"]
transform = Transform3D(0.977956, -0.18803255, -0.09079999, -0.04107084, -0.5995721, 0.7992655, -0.2047292, -0.77791786, -0.59407777, -0.015069236, -0.020624408, 0.007678861)

[node name="MidFrontLeg3_R" parent="RootNode/SpiderArmature/Skeleton3D" index="5"]
transform = Transform3D(0.94965196, -0.25280163, -0.1850706, 0.1081188, -0.28998405, 0.9509044, -0.29405892, -0.92303777, -0.24805179, -0.023846552, -0.015108936, 0.0085451435)

[node name="BackLeg3_R" parent="RootNode/SpiderArmature/Skeleton3D" index="6"]
transform = Transform3D(0.8729429, -0.35569674, -0.33383983, 0.48254338, 0.5292287, 0.6979023, -0.07156403, -0.77032155, 0.63362634, -0.017217044, 0.017399443, 0.006915828)

[node name="MidBackLeg3_R" parent="RootNode/SpiderArmature/Skeleton3D" index="7"]
transform = Transform3D(0.90199494, -0.30044588, -0.3100599, 0.3718056, 0.1754887, 0.91157216, -0.21946633, -0.9375156, 0.2699978, -0.025593195, 0.009277087, 0.00876002)

[node name="Abdomen" parent="RootNode/SpiderArmature/Skeleton3D" index="8"]
transform = Transform3D(0.8775106, -0.007932413, -0.06512753, 0.007551446, 0.8799107, -0.005425374, 0.065172784, 0.004851394, 0.87753, 0.00047756094, 0.008675831, 0.009329075)

[node name="Head" parent="RootNode/SpiderArmature/Skeleton3D" index="9"]
transform = Transform3D(0.99726444, 0.018855618, 0.07146904, -0.0007835568, -0.96416336, 0.26530784, 0.07391038, -0.2646382, -0.96151096, 0.00043100998, 0.0024906048, 0.009517666)

[node name="FrontFoot_L" parent="RootNode/SpiderArmature/Skeleton3D" index="11"]
transform = Transform3D(-0.97828186, 0.20727915, -0.00015159023, -0.20688385, -0.97646147, -0.061013576, -0.012794868, -0.05965723, 0.99813694, 0.016903166, -0.026352502, 0.00024693707)

[node name="MidFrontFoot_L" parent="RootNode/SpiderArmature/Skeleton3D" index="12"]
transform = Transform3D(-0.7821974, 0.6230102, 0.005089139, -0.6216785, -0.77993584, -0.07222414, -0.041027144, -0.059657328, 0.9973755, 0.026156826, -0.017715907, 0.00024693809)

[node name="BackFoot_L" parent="RootNode/SpiderArmature/Skeleton3D" index="13"]
transform = Transform3D(0.7104174, 0.5304371, 0.4625403, -0.4818173, 0.8456224, -0.22972736, -0.5129905, -0.059657585, 0.8563187, 0.020356013, 0.022013923, 0.00019918985)

[node name="MidBackFoot_L" parent="RootNode/SpiderArmature/Skeleton3D" index="14"]
transform = Transform3D(0.39517766, 0.9020431, 0.17364593, -0.9045577, 0.4150505, -0.09751144, -0.16003135, -0.11853832, 0.97996867, 0.028381819, 0.01088398, 0.00017551743)

[node name="FrontFoot2_R" parent="RootNode/SpiderArmature/Skeleton3D" index="16"]
transform = Transform3D(-0.97828186, -0.20727968, -0.00015425011, 0.20690352, -0.976461, -0.06094944, 0.012482964, -0.059657685, 0.99814075, -0.016865626, -0.026352504, 0.00024693768)

[node name="MidFrontFoot_R" parent="RootNode/SpiderArmature/Skeleton3D" index="17"]
transform = Transform3D(-0.7821978, -0.62300944, 0.0050886357, 0.6206855, -0.7799359, -0.08030742, 0.054001044, -0.05965778, 0.9967571, -0.026119284, -0.01771591, 0.0002469387)

[node name="MidBackFoot_R" parent="RootNode/SpiderArmature/Skeleton3D" index="19"]
transform = Transform3D(0.395177, -0.9020432, 0.17364544, 0.6836068, 0.41504988, 0.60034585, -0.61360955, -0.118537694, 0.7806612, -0.02834428, 0.01088398, 0.00017551788)
